cpu  3254275 349949 1281228 21517168 1249139 584 12714 0 0 0
cpu0 1631596 166909 682296 10852275 487692 361 8435 0 0 0
cpu1 1622678 183039 598932 10664892 761446 222 4278 0 0 0
intr 134157414 0 0 0 0 0 0 0 0 0 0 0 0 0 0 0 0 0 0 0 0 0 0 0 0 0 0 0 0 0 0 0 0 0 0 0 0 0 0 0 10594 0 0 0 647160 27925441 0 0 0 0 0 8 56 0 6811488 0 0 0 1183957 543 0 0 0 0 0 0 0 0 0 0 6342409 0 0 0 0 0 0 0 0 0 0 0 0 0 0 0 14270 0 0 1372520 17 0 5096414 0 2519887 2628048 0 0 0 0 1322352 0 0 0 423738 12775 0 0 0 0 0 0 0 8300 0 0 12253669 0 0 0 0 0 0 0 0 2264625 524536 0 0 0 0 0 2209 0 0 117 0 0 0 0 0 0 0 12502 9403 178 0 0 0 0 0 0 90 0 0 0 0 0 0 0 17 0 0 433781 1256 87 0 0 0 280 0 0 0 0 0 0 0 0 4909 0 0 0 41 0 0 1 0 0 0 0 0 160 0 0 0 0 0 0 0 0 0 0 0 0 0 0 5156 316148 0 0 0 0 0 0 0 0 0 0 0 0 0 0 0 0 0 0 0 0 0 0 0 0 0 0 0 0 0 0 0 0 0 0 0 0 0 0 0 0 0 0 0 0 0 0 0 0 0 0 0 0 0 0 0 0 0 0 0 0 0 0 0 0 0 0 0 0 0 0 0 0 0 5 0 672517 0 0 0 0 0 0 0 0 0 0 0 0 0 0 0 0 0 0 0 0 0 0 0 0 0 0 0 0 0 0 0 0 0 0 0 0 0 0 0 0 0 0 0 0 0 0 0 0 0 0 0 0 0 0 0 0 0 0 0 0 0 0 0 0 0 0 0 0 0 0 0 0 0 0 0 0 0 0 0 0 0 0 0 0 0 0 0 87 0 0 0 0 0 0 0 87 3702 0 0 0 0 0 0 0 0 0 0 0 0 0 90 0 0 0 0 0 0 0 0 0 0 0 0 0 0 0 0
ctxt 182708941
btime 1390055619
processes 441815
procs_running 1
procs_blocked 0
softirq 23595240 888385 10137579 260809 930779 5195 5195 10588 3775156 31487 7550067
